4
10
110
111111111111111111111111111111111111111
100000000000000000000000000000000000001
100000011000000000000000000011000000001
100000000000000111111100000000000000001
100001000000000000000000000000001000001
100001000000000000100000000000001000001
100000000000000000000000000000000000001
100000011000000000000000000011000000001
100000000000000000000000000000000000001
100000000000000000000000000000000000001
100000000000000000000000000000000000001
100000011000000000000000000011000000001
100000000000000000000000000000000000001
100000000000000000100000000000000000001
100000011000000000000000000011000000001
100000000000000111111100000000000000001
100000000000000000000000000000000000001
100000011000000000000000000011000000001
100000000000000000000000000000000000001
111111111111111111111111111111111111111