5
12
100
111111111111111111111111111111111111111
100000000000000000000000000000000000001
100000011000000000100000000011000000001
100000000000000000000000000000000000001
100001000000000011111000000000001000001
100001000000000000100000000000001000001
100000000000000000100000000000000000001
100000011000000000100000000011000000001
100000000000000000000000000000000000001
100000001000000000000000000001000000001
100000000000000000000000000000000000001
100000011000000000000000000011000000001
100100000000000000100000000000000100001
100100000000000000100000000000000100001
100000011000000000100000000011000000001
100100000000000011111000000000000100001
100100000000000000000000000000000100001
100000011000000000100000000011000000001
100000000000000000000000000000000000001
111111111111111111111111111111111111111